Black-Scholes sample path:
102.753
104.955
106.526
105.424
103.388
104.352
107.678
110.289
109.805
110.196
107.383
106.138
105.505
106.829
108.158
107.261
107.179
111.009
108.03
108.135
105.645
103.604
102.572
100.354
102.218
103.232
99.6911
102.959
99.3469
98.9195
99.6473
97.3069
95.2743
95.2069
96.6868
95.6648
96.7789
99.8727
99.3046
100.507
98.8966
100.436
98.7867
99.4231
98.8228
101.003
101.043
100.195
103.383
101.977
100.324
100.471
99.1031
100.556
101.691
101.415
104.763
102.423
106.913
107.448
107.042
104.26
101.814
102.131
102.723
101.537
100.201
101.731
100.472
98.9566
100.619
100.416
103.019
102.506
104.531
102.223
102.614
100.572
97.1472
97.6128
97.7531
95.5454
92.288
87.6618
90.9207
95.3516
94.2121
95.3286
93.255
94.4375
91.7451
92.7472
91.5771
89.3879
90.4831
90.6731
90.3086
89.7158
88.9994
89.7389

Vasicek sample path:
0.05
0.0494231
0.05096
0.0512555
0.0500079
0.0510736
0.0498118
0.0518258
0.0508564
0.0525404
0.0546905
0.0559924
0.059076
0.0588093
0.0588346
0.0597252
0.0531189
0.0508452
0.0493254
0.0474763
0.0490123
0.04945
0.051958
0.055327
0.0523315
0.0497675
0.0487527
0.0501108
0.0461078
0.044859
0.0457511
0.0480796
0.0507281
0.0514945
0.0527056
0.0509121
0.050302
0.0519964
0.052072
0.0504995
0.049352
0.0495248
0.0518078
0.0481713
0.0481172
0.0493492
0.0508575
0.0494662
0.0496771
0.0440936
0.0446536
0.0443622
0.0441398
0.0462775
0.0476335
0.0484209
0.0506245
0.04967
0.044828
0.0436446
0.0446236
0.047024
0.0525768
0.0553797
0.057806
0.0591232
0.0602889
0.0578742
0.0590884
0.0628645
0.0628187
0.064938
0.0645581
0.0635414
0.0632019
0.0620179
0.0600885
0.0599629
0.0619197
0.0638775
0.0624131
0.0631613
0.0662933
0.0658959
0.0658656
0.0630163
0.0606272
0.0614292
0.0609746
0.0621821
0.0653193
0.06163
0.0587315
0.0588081
0.0608683
0.0612118
0.060999
0.0633903
0.0683648
0.0670012
0.0690037

Hull-White sample path:
0.05
0.0489663
0.0512318
0.0499293
0.049102
0.0506242
0.0528713
0.0494534
0.0475012
0.049394
0.052871
0.0475919
0.0444811
0.0477448
0.0488371
0.0491036
0.0454175
0.0447379
0.0445643
0.0449777
0.0464725
0.045286
0.0443866
0.0469109
0.0478088
0.0491796
0.0504792
0.0490132
0.0471696
0.0479097
0.0516301
0.0517066
0.049843
0.0481877
0.0494008
0.0467986
0.0464297
0.0462405
0.0458921
0.0452961
0.0469037
0.0496485
0.053411
0.0532809
0.0512405
0.0513983
0.0472867
0.0500197
0.0473194
0.0492536
0.046088
0.0479283
0.0449794
0.0451624
0.0448901
0.044783
0.0433336
0.0451711
0.0461764
0.0442717
0.0406246
0.042452
0.0422998
0.0460952
0.0489529
0.048971
0.050911
0.0504814
0.0494383
0.0516063
0.0544564
0.0578071
0.0573704
0.0583985
0.0583355
0.063378
0.063258
0.0600641
0.0593981
0.0607981
0.0623102
0.0619928
0.0636867
0.0594346
0.0628648
0.0620086
0.0608446
0.0604606
0.0621282
0.0625196
0.062522
0.0656561
0.0656311
0.0656363
0.0659957
0.0661557
0.0667927
0.062055
0.0643715
0.061012
0.0595976
